1 27332
2 29504
3 7869
4 18410
5 3069
6 10570
7 25485
8 24053
9 8064
10 16501
11 26588
12 18662
13 8362
14 5295
15 942
16 7567
17 11506
18 23662
19 29349
20 19755
21 20144
22 11050
23 25472
24 31410
25 18446
26 10827
27 15312
28 3937
29 19485
30 13571
31 6320
32 21977
33 13405
34 85
35 20891
36 9753
37 20965
38 6873
39 17949
40 15954
41 1408
42 14180
43 13251
44 21543
45 19709
46 690
47 4195
48 32546
49 15276
50 19843
51 32440
52 27474
53 23305
54 26164
55 29087
56 3489
57 25539
58 6787
59 16408
60 20
61 12357
62 6207
63 30867
64 228
65 4493
66 23182
67 8401
68 8807
69 21382
70 6570
71 30280
72 32696
73 2582
74 24545
75 22634
76 16097
77 12382
78 5110
79 10793
80 8488
81 24602
82 20134
83 4697
84 18539
85 2128
86 27000
87 26609
88 8805
89 20291
90 17347
91 28331
92 11081
93 29032
94 184
95 15865
96 11154
97 7602
98 17114
99 10391
100 24716
